srange = (10000,20000)
nrange = (52000,62000)
net_range = (0,100000)

savg = 0.0145895958541
navg = 0.00854995703297
net_avg = 
